Split distribution of 20827299 traces: {1: 20405977, 3: 176860, 2: 191008, 5: 2906, 4: 48082, 8: 344, 143: 3, 13: 112, 6: 831, 11: 108, 9: 199, 7: 564, 144: 7, 10: 123, 28: 1, 44: 1, 142: 1, 25: 1, 15: 14, 14: 28, 23: 1, 16: 9, 29: 1, 19: 3, 20: 1, 12: 103, 54: 1, 18: 4, 34: 1, 41: 1, 27: 1, 17: 2, 74: 1}
Example of 1-split: 0b51247615919006399929000d0ced, files: [0]
Example of 3-split: 0bb58afb15919237201255000d0a89, files: [0, 1, 2]
Example of 2-split: 0b8dc11d15919002756337000d0cba, files: [0, 90]
Example of 5-split: 0b15cf2a15918934335446000d0c8c, files: [0, 9, 10, 43, 115]
Example of 4-split: 0b5414f015918946461603000d0c7a, files: [0, 21, 42, 114]
Example of 8-split: 0bb58c0b15919221354526000d0a28, files: [0, 2, 4, 6, 10, 16, 28, 52]
Example of 143-split: 0b13e5a915917683940975000d0830, files: [0, 1, 2, 3, 4, 5, 6, 7, 8, 9, 10, 11, 12, 13, 14, 15, 16, 17, 18, 19, 20, 21, 22, 23, 24, 25, 26, 27, 28, 29, 30, 31, 32, 33, 34, 35, 36, 37, 38, 39, 40, 41, 42, 43, 44, 45, 46, 47, 48, 49, 50, 51, 52, 53, 54, 55, 56, 57, 58, 60, 61, 62, 63, 64, 65, 66, 67, 68, 69, 70, 71, 72, 73, 74, 75, 76, 77, 78, 79, 80, 81, 82, 83, 84, 85, 86, 87, 88, 89, 90, 91, 92, 93, 94, 95, 96, 97, 98, 99, 100, 101, 102, 103, 104, 105, 106, 107, 108, 109, 110, 111, 112, 113, 114, 115, 116, 117, 118, 119, 120, 121, 122, 123, 124, 125, 126, 127, 128, 129, 130, 131, 132, 133, 134, 135, 136, 137, 138, 139, 140, 141, 142, 143]
Example of 13-split: 0b5205fd15919236909185000edb1d, files: [0, 1, 2, 3, 4, 6, 7, 9, 11, 15, 21, 33, 57]
Example of 6-split: 0bfae56815918954588519000d0c76, files: [0, 22, 41, 59, 120, 133]
Example of 11-split: 0b147b4b15919224993245000d0a54, files: [0, 2, 3, 4, 5, 7, 11, 17, 29, 47, 117]
Example of 9-split: 0b52059f15919219795222000e2539, files: [0, 1, 3, 5, 9, 15, 27, 51, 77]
Example of 7-split: 0b521c9115919223286557000e1229, files: [0, 4, 16, 40, 64, 88, 112]
Example of 144-split: 0b12e54315917696891584000d0806, files: [0, 1, 2, 3, 4, 5, 6, 7, 8, 9, 10, 11, 12, 13, 14, 15, 16, 17, 18, 19, 20, 21, 22, 23, 24, 25, 26, 27, 28, 29, 30, 31, 32, 33, 34, 35, 36, 37, 38, 39, 40, 41, 42, 43, 44, 45, 46, 47, 48, 49, 50, 51, 52, 53, 54, 55, 56, 57, 58, 59, 60, 61, 62, 63, 64, 65, 66, 67, 68, 69, 70, 71, 72, 73, 74, 75, 76, 77, 78, 79, 80, 81, 82, 83, 84, 85, 86, 87, 88, 89, 90, 91, 92, 93, 94, 95, 96, 97, 98, 99, 100, 101, 102, 103, 104, 105, 106, 107, 108, 109, 110, 111, 112, 113, 114, 115, 116, 117, 118, 119, 120, 121, 122, 123, 124, 125, 126, 127, 128, 129, 130, 131, 132, 133, 134, 135, 136, 137, 138, 139, 140, 141, 142, 143]
Example of 10-split: 0b51187d15919225884121000e6c4e, files: [0, 2, 3, 5, 7, 11, 17, 20, 29, 53]
Example of 28-split: 0b512b5d15918912763471000d0c39, files: [0, 3, 5, 8, 41, 42, 48, 52, 56, 70, 71, 78, 80, 84, 87, 88, 92, 93, 100, 102, 110, 123, 125, 128, 129, 131, 139, 142]
Example of 44-split: 0bb58b5315919224107391000d0a82, files: [0, 3, 4, 5, 6, 7, 16, 17, 18, 19, 20, 21, 22, 23, 42, 43, 44, 45, 46, 47, 48, 49, 50, 51, 52, 53, 83, 87, 89, 90, 91, 92, 93, 96, 97, 99, 102, 103, 108, 109, 113, 120, 141, 142]
Example of 142-split: 0b14067915917693470255000d0854, files: [0, 1, 2, 3, 4, 5, 6, 7, 8, 9, 10, 11, 12, 13, 14, 15, 16, 17, 18, 19, 20, 21, 22, 23, 24, 25, 26, 27, 28, 29, 30, 31, 32, 33, 34, 35, 36, 37, 38, 39, 40, 41, 42, 43, 44, 45, 46, 47, 48, 49, 51, 52, 53, 54, 55, 56, 57, 58, 59, 60, 61, 62, 63, 65, 66, 67, 68, 69, 70, 71, 72, 73, 74, 75, 76, 77, 78, 79, 80, 81, 82, 83, 84, 85, 86, 87, 88, 89, 90, 91, 92, 93, 94, 95, 96, 97, 98, 99, 100, 101, 102, 103, 104, 105, 106, 107, 108, 109, 110, 111, 112, 113, 114, 115, 116, 117, 118, 119, 120, 121, 122, 123, 124, 125, 126, 127, 128, 129, 130, 131, 132, 133, 134, 135, 136, 137, 138, 139, 140, 141, 142, 143]
Example of 25-split: 0bb58df715918760867661000d0a71, files: [0, 23, 28, 29, 30, 31, 35, 40, 45, 47, 50, 53, 63, 74, 78, 100, 101, 106, 109, 120, 126, 127, 129, 137, 138]
Example of 15-split: 0bb58d2e15919238387689000d0a45, files: [0, 1, 2, 3, 4, 5, 6, 8, 9, 11, 15, 21, 22, 33, 57]
Example of 14-split: 0b5205c715919241462052000e166b, files: [1, 2, 3, 4, 6, 12, 24, 36, 48, 60, 72, 84, 108, 132]
Example of 23-split: 0b51239d15916651626627000d0c15, files: [1, 4, 5, 15, 16, 41, 42, 47, 48, 61, 64, 66, 76, 79, 81, 86, 112, 116, 127, 128, 130, 138, 143]
Example of 16-split: 0b52190315917715240474000eda0e, files: [1, 6, 26, 29, 30, 32, 41, 48, 86, 88, 99, 102, 117, 124, 125, 143]
Example of 29-split: 0b87daaa15918462623712000d0c29, files: [2, 6, 15, 19, 22, 23, 26, 27, 30, 35, 47, 49, 61, 64, 70, 75, 78, 85, 95, 98, 104, 106, 107, 120, 124, 127, 128, 132, 133]
Example of 19-split: 0bb1207815916185316688000d0c5a, files: [3, 4, 16, 25, 31, 47, 48, 55, 58, 73, 79, 84, 87, 102, 104, 107, 114, 127, 134]
Example of 20-split: 0b51119515916709042285000d0bf2, files: [3, 19, 31, 34, 35, 39, 41, 43, 47, 48, 57, 105, 110, 113, 125, 127, 129, 130, 132, 139]
Example of 12-split: 0b5114a615919246616582000e0540, files: [3, 4, 5, 6, 7, 9, 10, 12, 14, 18, 24, 60]
Example of 54-split: 0bb58af815918645661288000d0a63, files: [4, 9, 21, 25, 26, 29, 30, 31, 32, 33, 34, 35, 36, 37, 40, 41, 42, 43, 44, 45, 46, 47, 49, 51, 53, 58, 59, 64, 66, 80, 84, 101, 102, 103, 108, 109, 113, 115, 116, 117, 118, 119, 122, 126, 129, 130, 132, 133, 134, 135, 136, 137, 139, 141]
Example of 18-split: 0be72ddb15918015206929000d0c3e, files: [6, 7, 24, 27, 36, 37, 39, 48, 101, 107, 111, 114, 115, 116, 120, 128, 135, 136]
Example of 34-split: 0b1578e615876457148335000d05a6, files: [11, 24, 25, 26, 27, 28, 34, 35, 39, 52, 57, 62, 64, 65, 66, 75, 77, 88, 89, 92, 93, 95, 101, 103, 104, 106, 110, 111, 128, 129, 130, 136, 139, 140]
Example of 41-split: 0b11ea5215916897397599000d0c10, files: [14, 17, 24, 25, 27, 28, 30, 31, 32, 34, 37, 39, 41, 48, 56, 61, 64, 66, 72, 92, 102, 103, 105, 107, 109, 110, 111, 113, 115, 116, 117, 121, 122, 124, 125, 127, 130, 132, 135, 136, 141]
Example of 27-split: 0bb58cd715917102701612000d09f3, files: [18, 19, 26, 27, 28, 29, 34, 35, 37, 40, 43, 48, 54, 63, 92, 108, 111, 115, 116, 117, 118, 120, 121, 127, 128, 129, 131]
Example of 17-split: 0b01ee4515919341401216000e12ae, files: [35, 36, 37, 38, 39, 40, 42, 44, 46, 47, 50, 56, 68, 86, 92, 119, 129]
Example of 74-split: 0b144c2415919417058693000e5000, files: [60, 61, 62, 64, 65, 66, 67, 68, 70, 71, 72, 73, 75, 77, 78, 79, 80, 81, 82, 83, 84, 85, 86, 87, 88, 89, 90, 91, 93, 94, 95, 96, 97, 98, 99, 100, 101, 102, 103, 104, 105, 106, 107, 108, 109, 111, 112, 113, 114, 115, 116, 117, 118, 119, 120, 121, 122, 123, 124, 126, 127, 128, 129, 130, 131, 132, 133, 134, 135, 136, 139, 140, 141, 142]
Traces split on contiguous files: 20542123/20827299
